#  Scaleheight?   cloud width (km)   H_cloud (km)   cloud top (km)   cloud opacity   H_haze (km)   Haze opacity  profile_num
1 0 2 60 30 4 0.1 1
1 0 2 61 30 4 0.1 2
1 0 2 62 30 4 0.1 3
1 0 2 63 30 4 0.1 4
1 0 2 64 30 4 0.1 5
1 0 2 65 30 4 0.1 6
1 0 2 66 30 4 0.1 7
1 0 2 67 30 4 0.1 8
1 0 2 68 30 4 0.1 9
1 0 2 69 30 4 0.1 10
1 0 2 70 30 4 0.1 11
1 0 2 71 30 4 0.1 12
1 0 2 72 30 4 0.1 13
1 0 2 73 30 4 0.1 14
1 0 2 74 30 4 0.1 15
1 0 2 75 30 4 0.1 16
1 0 2 76 30 4 0.1 17
1 0 2 77 30 4 0.1 18
1 0 2 78 30 4 0.1 19
1 0 2 79 30 4 0.1 20
1 0 2 80 30 4 0.1 21
1 0 3 60 30 4 0.1 22
1 0 3 61 30 4 0.1 23
1 0 3 62 30 4 0.1 24
1 0 3 63 30 4 0.1 25
1 0 3 64 30 4 0.1 26
1 0 3 65 30 4 0.1 27
1 0 3 66 30 4 0.1 28
1 0 3 67 30 4 0.1 29
1 0 3 68 30 4 0.1 30
1 0 3 69 30 4 0.1 31
1 0 3 70 30 4 0.1 32
1 0 3 71 30 4 0.1 33
1 0 3 72 30 4 0.1 34
1 0 3 73 30 4 0.1 35
1 0 3 74 30 4 0.1 36
1 0 3 75 30 4 0.1 37
1 0 3 76 30 4 0.1 38
1 0 3 77 30 4 0.1 39
1 0 3 78 30 4 0.1 40
1 0 3 79 30 4 0.1 41
1 0 3 80 30 4 0.1 42
1 0 4 60 30 4 0.1 43
1 0 4 61 30 4 0.1 45
1 0 4 62 30 4 0.1 46
1 0 4 63 30 4 0.1 47
1 0 4 64 30 4 0.1 48
1 0 4 65 30 4 0.1 49
1 0 4 66 30 4 0.1 50
1 0 4 67 30 4 0.1 51
1 0 4 68 30 4 0.1 52
1 0 4 69 30 4 0.1 53
1 0 4 70 30 4 0.1 54
1 0 4 71 30 4 0.1 55
1 0 4 72 30 4 0.1 56
1 0 4 73 30 4 0.1 57
1 0 4 74 30 4 0.1 58
1 0 4 75 30 4 0.1 59
1 0 4 76 30 4 0.1 60
1 0 4 77 30 4 0.1 61
1 0 4 78 30 4 0.1 62
1 0 4 79 30 4 0.1 63
1 0 4 80 30 4 0.1 64
1 0 5 60 30 4 0.1 65
1 0 5 61 30 4 0.1 66
1 0 5 62 30 4 0.1 67
1 0 5 63 30 4 0.1 68
1 0 5 64 30 4 0.1 69
1 0 5 65 30 4 0.1 70
1 0 5 66 30 4 0.1 71
1 0 5 67 30 4 0.1 72
1 0 5 68 30 4 0.1 73
1 0 5 69 30 4 0.1 74
1 0 5 70 30 4 0.1 75
1 0 5 71 30 4 0.1 76
1 0 5 72 30 4 0.1 77
1 0 5 73 30 4 0.1 78
1 0 5 74 30 4 0.1 79
1 0 5 75 30 4 0.1 80
1 0 5 76 30 4 0.1 81
1 0 5 77 30 4 0.1 82
1 0 5 78 30 4 0.1 83
1 0 5 79 30 4 0.1 84
1 0 5 80 30 4 0.1 85
1 0 6 60 30 4 0.1 86
1 0 6 61 30 4 0.1 87
1 0 6 62 30 4 0.1 88
1 0 6 63 30 4 0.1 89
1 0 6 64 30 4 0.1 90
1 0 6 65 30 4 0.1 91
1 0 6 66 30 4 0.1 92
1 0 6 67 30 4 0.1 93
1 0 6 68 30 4 0.1 94
1 0 6 69 30 4 0.1 95
1 0 6 70 30 4 0.1 96
1 0 6 71 30 4 0.1 97
1 0 6 72 30 4 0.1 98
1 0 6 73 30 4 0.1 99
1 0 6 74 30 4 0.1 100
1 0 6 75 30 4 0.1 101
1 0 6 76 30 4 0.1 102
1 0 6 77 30 4 0.1 103
1 0 6 78 30 4 0.1 104
1 0 6 79 30 4 0.1 105
1 0 6 80 30 4 0.1 106
